整數
下一页
-0
-1
-2
-3
0
1
Draft:1
2
3
4
5
6
7
8
9
10的100次方
10
11
12
13
14
15
16
17
18
19
100
101
103
104
105
106
107
108
109
1000
1001
10000
100000
1000000
1000000000
1002
102
1089
10^100
10的幂
110
111
112
113
114
115
116
117
118
119
1111
1138
114514
120
121
122
123
124
125
126
127
128
129
1211
12345679
130
131
132
133
134
135
136
137
138
139
1314
1394
140
141
142
143
144
145
146
147
148
149
1408
142857
144,000
1450
Draft:1450
1470
1495
150
151
152
153
154
155
156
157
158
159
160
161
162
163
164
165
166
167
168
169
170
171
172
173
174
175
176
177
178
179
1729
180
181
182
183
184
185
186
187
188
189
190
191
192
193
194
195
196
197
198
199
1917
1024
1728
20
21
22
23
24
25
26
27
28
29
200
201
202
203
204
205
206
207
208
209
20000
2012
2020
210
211
212
213
214
215
218
219
2147483647
216
217
220
221
229
222
223
224
225
226
2266
227
228
230
